L.s1.detmap =
    3  23  22  27   1  1881
    3  23  16  21   7  1881
    4  18   8  13   1  1877
    4  18   0   5   7  1877
L.s1.npaddles = 6
L.s1.npaddles = 6
L.s1.position = -0.129  0  1.2873
L.s1.size = 1.76  0.36  0.005
L.s1.L.off = 385.95  187.54  31.2  -456.4  261.11  295.68
L.s1.R.off = 275.57  291.28  456.18  456.4  496.95  542.8
L.s1.L.ped = 469  489  327  334  631  490
L.s1.R.ped = 617  560  481  340  301  357
L.s1.L.gain = 0.499  0.394  0.514  0.449  0.577  0.466
L.s1.R.gain = 0.417  0.474  0.467  0.45  0.438  0.462
L.s1.avgres = 1e-10
L.s1.atten = 0.7
L.s1.Cn = 1.7e+08
L.s1.MIP = 1e+10
L.s1.tdc.res = 5e-11
L.s1.timewalk_params =
   0  0  0  0  0  0
   0  0  0  0  0  0
L.s1.retiming_offsets = 0  0  0  0  0  0

