R.s1.detmap =
  1  25   0   5   1   1881
  1  25   6  11   7   1881
  2  16  56  61   1   1877
  2  16  48  53   7   1877
R.s1.npaddles = 6
R.s1.position = 0  0  1.381
R.s1.size = 1.76  0.36  0.005
R.s1.L.off = -840.94  -808.68  -916.71  -983.75  -922.88  -962.05
R.s1.R.off = -700.6  -868.3  -772.88  -751.23  -691.73  -670.71
R.s1.L.ped = 436  523  425  471  452  721
R.s1.R.ped = 389  451  417  371  616  381
R.s1.L.gain = 0.431  0.522  0.362  0.507  0.514  0.552
R.s1.R.gain = 0.417  0.458  0.523  0.443  0.582  0.571
R.s1.avgres = 1e-10
R.s1.atten = 0.7
R.s1.Cn = 1.7e+08
R.s1.MIP = 1e+10
R.s1.tdc.res = 5e-11
R.s1.timewalk_params =
   0  0  0  0  0  0
   0  0  0  0  0  0
R.s1.retiming_offsets = 0  0  0  0  0  0


